780 2731
739 2707
698 2649
623 2493
641 2431
705 2404
757 2430
830 2525
871 2617
868 2662
825 2711
780 2731

625 1484
564 1442
522 1383
499 1310
502 1234
526 1211
585 1222
622 1255
682 1341
721 1422
720 1445
625 1484

735 1265
702 1223
643 1141
633 1061
651 1022
734 1026
783 1065
866 1179
867 1204
842 1226
761 1272
735 1265

1168 1180
1092 1107
1050 1044
1033 956
1045 934
1112 928
1146 950
1175 970
1216 1023
1255 1115
1218 1151
1168 1180

1744 1270
1721 1257
1690 1214
1641 1141
1632 1066
1683 1040
1719 1056
1785 1142
1821 1204
1821 1242
1796 1264
1744 1270

2097 560
2125 501
2203 421
2211 414
2253 396
2296 402
2310 454
2266 530
2239 557
2174 611
2143 611
2097 560

2577 352
2597 299
2687 193
2759 148
2819 158
2825 251
2810 274
2710 393
2678 422
2638 422
2602 396
2577 352

2922 363
2970 300
3074 204
3134 184
3169 196
3187 252
3125 367
3091 402
3056 431
3018 451
2961 429
2922 363

3077 605
3103 556
3145 497
3200 433
3247 411
3296 415
3316 477
3273 589
3200 669
3157 683
3114 670
3077 605

2965 2019
2938 1982
2950 1910
3039 1813
3104 1785
3111 1781
3166 1779
3197 1790
3196 1809
3104 1917
2998 2003
2965 2019
