780 2731
739 2707
622 2484
625 2436
674 2413
729 2392
763 2405
830 2525
871 2617
868 2662
825 2711
780 2731

625 1484
564 1442
499 1310
478 1270
492 1231
537 1211
579 1194
622 1212
682 1341
721 1422
720 1445
625 1484

735 1265
702 1223
617 1102
624 1050
664 1022
696 1005
749 1016
866 1179
867 1204
842 1226
761 1272
735 1265

1168 1180
1092 1107
1050 1044
1018 1005
1029 961
1061 938
1108 913
1148 928
1216 1023
1255 1115
1218 1151
1168 1180

1744 1270
1721 1257
1690 1214
1624 1100
1627 1058
1658 1038
1689 1020
1725 1036
1821 1204
1821 1242
1796 1264
1744 1270

2097 560
2125 501
2203 421
2227 389
2270 384
2291 403
2317 471
2266 530
2239 557
2174 611
2143 611
2097 560

2577 352
2597 299
2687 193
2760 154
2818 194
2825 251
2810 274
2715 395
2678 422
2638 422
2602 396
2577 352

2922 363
2970 300
3071 187
3131 180
3155 199
3184 223
3188 288
3096 393
3056 431
3018 451
2961 429
2922 363

3077 605
3103 556
3145 497
3200 433
3254 407
3286 428
3315 451
3321 516
3200 669
3157 683
3114 670
3077 605

2965 2019
2938 1982
2950 1910
3039 1813
3104 1785
3111 1781
3166 1779
3197 1790
3196 1809
3104 1917
2998 2003
2965 2019
