780 2731
739 2707
606 2471
605 2416
652 2395
701 2375
753 2399
830 2525
871 2617
868 2662
825 2711
780 2731

625 1484
564 1442
499 1310
470 1268
478 1217
522 1197
566 1181
612 1209
682 1341
721 1422
720 1445
625 1484

735 1265
702 1223
617 1102
601 1084
606 1035
682 989
741 1008
866 1179
867 1204
842 1226
761 1272
735 1265

1168 1180
1092 1107
1050 1044
1007 991
1008 949
1048 922
1091 900
1134 913
1216 1023
1255 1115
1218 1151
1168 1180

1744 1270
1721 1257
1690 1214
1609 1086
1611 1041
1638 1022
1673 1002
1725 1036
1821 1204
1821 1242
1796 1264
1744 1270

2097 560
2125 501
2203 421
2246 370
2282 364
2311 386
2338 415
2338 452
2239 557
2174 611
2143 611
2097 560

2577 352
2597 299
2687 193
2722 148
2774 132
2807 153
2840 181
2841 241
2736 365
2638 422
2602 396
2577 352

2922 363
2970 300
3088 175
3138 161
3174 186
3196 207
3202 274
3096 393
3056 431
3018 451
2961 429
2922 363

3077 605
3103 556
3145 497
3220 404
3266 393
3297 411
3329 436
3340 494
3236 632
3157 683
3114 670
3077 605

2965 2019
2938 1982
2950 1910
3039 1813
3104 1785
3111 1781
3141 1760
3181 1762
3209 1785
3104 1917
2998 2003
2965 2019
