780 2731
739 2707
698 2649
630 2417
662 2384
711 2389
757 2430
830 2525
871 2617
868 2662
825 2711
780 2731

625 1484
564 1442
522 1383
499 1310
489 1209
509 1176
555 1191
622 1255
682 1341
721 1422
720 1445
625 1484

735 1265
702 1223
643 1141
630 1103
616 1040
632 996
700 1000
866 1179
867 1204
842 1226
761 1272
735 1265

1168 1180
1092 1107
1050 1044
1033 956
1034 1001
1034 903
1098 912
1175 970
1216 1023
1255 1115
1218 1151
1168 1180

1744 1270
1721 1257
1690 1214
1641 1141
1632 1066
1639 1023
1702 1044
1785 1142
1821 1204
1821 1242
1796 1264
1744 1270

2097 560
2125 501
2203 421
2211 414
2285 378
2320 383
2326 418
2266 530
2239 557
2174 611
2143 611
2097 560

2577 352
2597 299
2687 193
2759 148
2777 131
2834 127
2848 181
2710 393
2678 422
2638 422
2602 396
2577 352

2922 363
2970 300
3047 223
3099 187
3138 166
3190 166
3198 218
3091 402
3056 431
3018 451
2961 429
2922 363

3077 605
3103 556
3145 497
3200 433
3269 393
3318 394
3328 450
3273 589
3200 669
3157 683
3114 670
3077 605

2965 2019
2938 1982
2950 1910
3039 1813
3104 1785
3111 1781
3193 1768
3216 1777
3196 1809
3104 1917
2998 2003
2965 2019
