767 2737
711 2669
636 2517
627 2487
666 2454
706 2435
766 2436
818 2493
861 2575
876 2640
826 2703
767 2737

625 1478
564 1442
522 1383
499 1310
510 1277
538 1252
589 1238
622 1255
682 1341
719 1417
716 1448
625 1478

745 1269
700 1229
650 1155
646 1095
681 1055
747 1039
782 1062
862 1173
862 1203
837 1223
796 1249
745 1269

1161 1176
1130 1157
1053 1049
1051 995
1070 973
1114 949
1146 950
1175 970
1254 1073
1255 1115
1218 1151
1161 1176

1744 1270
1721 1257
1690 1214
1641 1141
1647 1094
1690 1066
1742 1079
1785 1142
1821 1204
1821 1242
1796 1264
1744 1270

2097 560
2125 501
2203 421
2211 414
2245 415
2272 438
2295 463
2294 490
2190 598
2144 611
2115 593
2097 560

2577 352
2597 299
2687 193
2737 181
2770 205
2805 244
2808 273
2790 305
2693 409
2638 422
2602 396
2577 352

2922 363
2966 307
3057 210
3074 204
3130 233
3169 282
3170 310
3144 345
3070 433
3018 451
2961 429
2922 363

3077 605
3106 548
3188 444
3210 436
3256 458
3296 499
3300 533
3273 589
3200 669
3157 683
3114 670
3077 605

2965 2019
2938 1982
2942 1936
2967 1888
3039 1829
3088 1805
3108 1798
3141 1806
3169 1828
3168 1843
3083 1939
2965 2019
